-8.62374e-05
5.06272e-05
7.17619e-05
6.96436e-05
-8.80407e-05
4.7422e-05
-5.12205e-05
8.58863e-05
-7.85302e-05
-6.19113e-05
8.2693e-05
-5.62306e-05
-7.80036e-05
6.25735e-05
7.09787e-05
7.04417e-05
6.57506e-05
7.53449e-05
-9.33886e-05
3.57572e-05
6.23334e-05
-7.81955e-05
5.03763e-05
8.63842e-05
-4.75006e-05
8.79983e-05
-9.69936e-06
9.95285e-05
-3.40149e-05
9.40371e-05
-8.22317e-05
-5.6903e-05
-9.85824e-05
-1.67782e-05
-8.10099e-05
-5.86293e-05
-9.27423e-05
3.74015e-05
4.44693e-05
8.95683e-05
8.68392e-05
4.95879e-05
-9.60494e-05
-2.783e-05
7.71444e-05
-6.36297e-05
9.98808e-05
-4.88106e-06
-9.99957e-05
9.26453e-07
8.75065e-05
-4.84005e-05
4.04255e-05
9.14646e-05
1.54972e-05
9.87919e-05
-6.45092e-05
-7.64105e-05
-9.79205e-05
-2.02874e-05
6.21931e-05
-7.83072e-05
7.53429e-05
6.57529e-05
9.91547e-05
1.29746e-05
7.75262e-05
6.31639e-05
9.47222e-05
3.2058e-05
2.87739e-05
9.57709e-05
-7.0281e-05
-7.11377e-05
-9.44533e-05
3.28417e-05
1.55735e-06
-9.99879e-05
7.19933e-05
6.94044e-05
9.99842e-05
1.77666e-06
-9.1755e-06
9.95782e-05
9.80346e-05
1.97286e-05
-9.67583e-05
2.52554e-05
5.36822e-05
-8.43695e-05
-1.11929e-05
-9.93716e-05
7.6538e-05
6.43579e-05
-6.46657e-05
7.6278e-05
-8.20315e-05
-5.71912e-05
-2.67976e-05
9.63426e-05
4.63478e-05
8.86108e-05
-1.76615e-07
-9.99998e-05
9.01258e-05
-4.33282e-05
8.10384e-05
5.859e-05
-2.87604e-05
-9.57749e-05
-6.78402e-05
-7.34691e-05
-9.79298e-05
2.02424e-05
-9.35578e-05
-3.53121e-05
2.81949e-05
9.59429e-05
8.0584e-05
-5.92133e-05
-1.55792e-05
-9.8779e-05
8.06477e-05
-5.91265e-05
8.66604e-05
4.98997e-05
-4.39664e-05
-8.98162e-05
-5.99653e-06
9.982e-05
4.36223e-05
8.99839e-05
4.77349e-05
-8.78714e-05
-6.70349e-05
-7.42046e-05
-9.96881e-05
7.89172e-06
6.25513e-05
-7.80213e-05
-9.2117e-05
-3.89161e-05
-3.9121e-06
9.99234e-05
3.33425e-05
9.42777e-05
2.25414e-05
-9.74263e-05
-6.47505e-05
-7.62061e-05
9.97842e-05
-6.56666e-06
9.87191e-05
-1.59544e-05
9.92097e-05
1.25477e-05
-1.37642e-06
-9.99905e-05
-6.39564e-05
7.68738e-05
-3.21847e-05
-9.46792e-05
1.03159e-05
-9.94665e-05
-9.71371e-05
-2.37569e-05
-8.32742e-05
5.53662e-05
-2.05299e-05
-9.78699e-05
9.62218e-05
-2.72282e-05
-3.55021e-05
9.34858e-05
9.48517e-05
-3.16726e-05
-9.967e-05
-8.11672e-06
2.8304e-05
9.59108e-05
-2.9277e-05
9.56183e-05
1.81148e-05
9.83456e-05
9.327e-05
3.60654e-05
3.73588e-05
9.27595e-05
-8.06424e-05
5.91338e-05
3.6003e-05
-9.32941e-05
3.91209e-05
9.20302e-05
-7.46383e-05
-6.65517e-05
-9.85828e-05
-1.67762e-05
2.9968e-05
-9.5404e-05
5.1389e-05
8.57856e-05
-8.33345e-05
-5.52754e-05
-9.89197e-05
1.46593e-05
5.96181e-05
8.0285e-05
-9.14824e-05
-4.03852e-05
8.21096e-05
5.7079e-05
-7.87214e-05
6.16679e-05
9.80347e-05
-1.97279e-05
-8.86748e-05
-4.62253e-05
9.62214e-05
2.72295e-05
-4.00346e-05
9.16364e-05
-3.98551e-05
9.17146e-05
-9.64914e-05
-2.62566e-05
-7.92541e-05
6.09818e-05
-9.71405e-05
-2.37428e-05
2.34315e-05
9.72161e-05
-9.36644e-05
-3.50283e-05
-7.48067e-05
-6.63623e-05
3.01274e-05
9.53538e-05
-7.74058e-05
-6.33115e-05
7.95788e-06
9.96829e-05
7.83846e-05
-6.20955e-05
-9.97747e-05
-6.70915e-06
-7.04145e-05
-7.10057e-05
-4.96329e-05
-8.68135e-05
-5.56048e-05
8.3115e-05
7.69763e-05
-6.3833e-05
-9.21609e-06
-9.95744e-05
-8.95398e-05
4.45266e-05
9.88102e-05
1.538e-05
6.15545e-05
7.88102e-05
-9.72135e-05
-2.34422e-05
7.35727e-06
9.9729e-05
-1.38046e-06
-9.99905e-05
8.39188e-05
-5.43841e-05
9.99288e-05
3.77201e-06
7.28984e-06
-9.97339e-05
-5.75241e-05
8.17984e-05
8.8096e-05
-4.73191e-05
9.99326e-05
3.67056e-06
1.77938e-06
9.99842e-05
9.75863e-05
2.18382e-05
-2.02711e-05
-9.79239e-05
-2.8521e-05
9.58465e-05
9.99904e-05
-1.38289e-06
7.02556e-05
-7.11629e-05
7.71583e-05
6.36129e-05
-8.18945e-05
-5.73873e-05
8.03613e-05
5.95152e-05
5.34968e-05
8.44873e-05
4.51676e-05
8.92182e-05
9.99046e-05
4.36805e-06
9.28963e-05
-3.70172e-05
-9.78253e-05
-2.07415e-05
-5.10246e-05
8.60029e-05
9.51258e-05
-3.08395e-05
1.61194e-05
-9.86923e-05
-9.86943e-05
-1.61069e-05
-3.03572e-05
-9.52808e-05
-9.09698e-05
4.1527e-05
-5.4397e-05
8.39105e-05
9.09494e-05
4.15718e-05
3.78337e-05
9.25668e-05
-9.93807e-05
-1.11122e-05
9.81345e-05
-1.92256e-05
6.57703e-06
9.97835e-05
-6.00409e-06
9.98196e-05
6.76712e-05
-7.36248e-05
1.59049e-05
9.87271e-05
9.96207e-05
-8.70141e-06
-3.94038e-06
9.99223e-05
4.66696e-05
-8.84418e-05
9.01259e-05
-4.3328e-05
-5.68512e-05
8.22675e-05
-6.14736e-05
-7.88733e-05
2.09201e-05
-9.77873e-05
9.62827e-05
-2.7012e-05
-9.5833e-05
-2.85663e-05
-9.35309e-05
-3.53831e-05
-3.86914e-05
9.22116e-05
-8.03715e-05
-5.95014e-05
4.3333e-05
-9.01235e-05
-3.85523e-05
9.22698e-05
9.79469e-05
-2.01593e-05
2.34858e-05
9.7203e-05
-8.4951e-05
5.27572e-05
2.64274e-05
-9.64448e-05
5.92451e-05
-8.05607e-05
6.99385e-05
-7.14745e-05
4.15105e-05
-9.09773e-05
-7.35614e-05
-6.774e-05
-8.17712e-05
5.75628e-05
-8.12641e-05
5.82765e-05
-7.03547e-05
7.10648e-05
-3.48354e-05
-9.37363e-05
-6.94197e-05
-7.19785e-05
-2.29167e-05
-9.73387e-05
-2.66931e-05
-9.63716e-05
-9.99187e-05
4.03084e-06
8.985e-05
4.38973e-05
5.21122e-05
8.53482e-05
-1.90702e-05
-9.81648e-05
-6.83433e-05
-7.30014e-05
6.55777e-05
7.54954e-05
9.99417e-05
3.41418e-06
1.56792e-05
-9.87632e-05
9.97308e-05
7.33261e-06
-1.44967e-05
-9.89436e-05
-8.77016e-05
-4.80461e-05
-9.43053e-05
-3.32642e-05
4.472e-05
8.94434e-05
3.69579e-05
9.29199e-05
1.02511e-05
9.94732e-05
-9.95533e-05
-9.44153e-06
-6.1975e-05
7.84799e-05
-9.16246e-05
4.00616e-05
7.34244e-05
-6.78885e-05
-7.4612e-06
9.97213e-05
2.1288e-05
-9.77078e-05
9.73362e-05
2.29274e-05
-0.0705228
0
0
0
0.136402
0
0.36069
0
0.622543
0
0.75
0
0.622543
0
0.36069
0
0.136402
0
0
0
-0.0705228
0
6.30994e-05
-7.75788e-05
-9.83991e-05
1.78218e-05
-7.87794e-05
6.15939e-05
5.50916e-05
8.34561e-05
9.1339e-05
-4.07086e-05
-5.56664e-05
8.30738e-05
8.0069e-05
5.99079e-05
5.39406e-05
8.42046e-05
6.86087e-05
7.27519e-05
7.72194e-05
-6.35387e-05
-9.36083e-05
3.51778e-05
-7.08026e-05
7.06187e-05
-3.88755e-06
-9.99244e-05
-7.87557e-05
6.16242e-05
-8.11628e-05
5.84175e-05
-7.19582e-05
-6.94407e-05
-6.12242e-05
-7.90671e-05
3.56173e-05
-9.3442e-05
-5.71985e-05
-8.20264e-05
-9.94036e-05
-1.09052e-05
-9.17104e-05
3.98647e-05
-8.9036e-05
4.55257e-05
1.33792e-05
-9.91009e-05
-8.30973e-05
-5.56313e-05
-9.9886e-05
4.77415e-06
-4.00939e-05
9.16105e-05
-9.72884e-05
2.31293e-05
7.68721e-05
-6.39585e-05
-9.71556e-05
2.3681e-05
2.65347e-05
9.64153e-05
-6.41296e-05
-7.67294e-05
5.66537e-05
8.24036e-05
-6.64775e-07
-9.99978e-05
-6.60295e-05
7.51006e-05
-1.0877e-05
-9.94067e-05
4.67325e-05
-8.84085e-05
8.13289e-05
5.8186e-05
-9.97887e-05
-6.4979e-06
-9.89074e-05
-1.4742e-05
-8.07196e-05
-5.90284e-05
-9.84165e-05
1.77257e-05
-1.76121e-05
-9.84368e-05
1.09328e-05
9.94006e-05
-6.41838e-05
7.6684e-05
6.57703e-06
-9.97835e-05
-6.00409e-06
-9.98196e-05
6.76712e-05
7.36248e-05
1.59049e-05
-9.87271e-05
9.96207e-05
8.70141e-06
-3.94038e-06
-9.99223e-05
4.66696e-05
8.84418e-05
9.01259e-05
4.3328e-05
-5.68512e-05
-8.22675e-05
-6.14736e-05
7.88733e-05
2.09201e-05
9.77873e-05
-8.03204e-05
5.95704e-05
-9.52822e-05
3.03529e-05
-1.29321e-05
-9.91603e-05
-4.50325e-05
-8.92865e-05
-9.97025e-05
7.70766e-06
9.88781e-05
1.49376e-05
3.10667e-05
9.50519e-05
-7.92783e-05
6.09505e-05
-3.04411e-06
-9.99537e-05
5.48736e-05
8.35996e-05
-9.7958e-05
-2.01054e-05
-4.94237e-05
-8.69327e-05
-4.98837e-05
-8.66696e-05
-5.59296e-06
9.98435e-05
3.20329e-05
-9.47306e-05
-6.37933e-05
7.70092e-05
-2.89916e-05
-9.57052e-05
9.15699e-05
-4.01865e-05
-9.95937e-05
-9.00522e-06
-3.44106e-05
-9.38931e-05
8.75142e-05
4.83867e-05
-9.27266e-05
3.74403e-05
-8.0986e-05
5.86623e-05
-7.77239e-05
6.29205e-05
-9.99681e-05
2.52721e-06
-7.53212e-05
6.57778e-05
9.56092e-05
-2.93066e-05
8.91632e-05
-4.52761e-05
2.23856e-05
-9.74622e-05
-4.93229e-05
-8.699e-05
-4.50099e-05
-8.92979e-05
6.34716e-05
-7.72746e-05
9.81904e-05
1.89381e-05
8.6454e-05
-5.02564e-05
-6.40043e-05
-7.68339e-05
-9.2145e-05
3.88498e-05
-9.93421e-05
1.14521e-05
-7.4869e-05
6.6292e-05
-3.10289e-05
-9.50642e-05
-7.20297e-05
6.93666e-05
2.46828e-06
9.99695e-05
-2.19058e-05
9.75712e-05
4.20665e-05
-9.07216e-05
4.63676e-07
9.99989e-05
-4.00346e-05
-9.16364e-05
-3.98551e-05
-9.17146e-05
-9.64914e-05
2.62566e-05
-7.92541e-05
-6.09818e-05
-9.71405e-05
2.37428e-05
2.34315e-05
-9.72161e-05
-9.36644e-05
3.50283e-05
-7.48067e-05
6.63623e-05
3.01274e-05
-9.53538e-05
-7.74058e-05
6.33115e-05
7.95788e-06
-9.96829e-05
8.47585e-05
-5.3066e-05
-9.16536e-05
3.99953e-05
-5.26473e-05
8.50192e-05
-7.88308e-05
6.15281e-05
9.76842e-05
-2.13962e-05
-2.66209e-05
9.63915e-05
9.45065e-05
-3.26882e-05
-3.13588e-06
-9.99508e-05
1.89129e-06
9.99821e-05
-1.21115e-05
-9.92639e-05
9.82211e-05
1.87783e-05
-9.2421e-05
3.81885e-05
4.81819e-05
-8.76271e-05
7.7906e-05
6.26949e-05
9.7872e-05
2.05203e-05
2.44479e-05
9.69655e-05
5.7826e-06
-9.98327e-05
-2.21627e-05
-9.75132e-05
9.50147e-05
3.11802e-05
-7.31245e-05
-6.82115e-05
6.60714e-05
-7.50638e-05
8.55593e-05
5.17648e-05
-6.00211e-05
7.99842e-05
-6.33034e-05
7.74124e-05
-4.0188e-05
-9.15692e-05
-9.40031e-05
-3.41088e-05
1.06697e-05
-9.94292e-05
-8.54241e-05
-5.19877e-05
6.71605e-05
-7.4091e-05
7.79738e-05
-6.26106e-05
-9.5538e-05
-2.95378e-05
6.72182e-05
-7.40386e-05
-9.09116e-05
-4.16544e-05
6.29633e-05
7.76892e-05
6.61772e-05
7.49705e-05
9.33041e-06
-9.95638e-05
-2.5373e-05
9.67275e-05
6.17949e-05
7.86219e-05
-6.04373e-05
-7.96701e-05
7.52355e-05
6.58758e-05
7.02293e-05
7.11888e-05
9.64904e-05
-2.62604e-05
2.54283e-05
-9.6713e-05
-8.22118e-06
-9.96615e-05
-6.78402e-05
7.34691e-05
-9.79298e-05
-2.02424e-05
-9.35578e-05
3.53121e-05
2.81949e-05
-9.59429e-05
8.0584e-05
5.92133e-05
-1.55792e-05
9.8779e-05
8.06477e-05
5.91265e-05
8.66604e-05
-4.98997e-05
-4.39664e-05
8.98162e-05
-5.99653e-06
-9.982e-05
4.36223e-05
-8.99839e-05
9.51545e-05
-3.07509e-05
-8.14589e-05
-5.80039e-05
-8.4697e-05
5.3164e-05
-9.55983e-05
-2.93422e-05
7.38379e-05
-6.74386e-05
-9.98916e-05
-4.65388e-06
1.77885e-05
-9.84051e-05
8.49247e-05
5.27997e-05
7.98004e-05
-6.02652e-05
-7.86009e-05
6.18215e-05
9.858e-05
-1.67926e-05
-1.815e-05
-9.83391e-05
-5.89274e-05
-8.07933e-05
-2.38144e-05
9.7123e-05
3.82008e-05
9.24159e-05
7.71403e-05
6.36347e-05
9.94838e-05
1.01471e-05
-7.08624e-05
-7.05586e-05
7.24708e-05
-6.89057e-05
7.91515e-05
-6.11149e-05
2.21423e-06
9.99755e-05
-9.8675e-05
1.62249e-05
9.05481e-05
4.24387e-05
-9.55933e-05
2.93585e-05
-7.97382e-05
-6.03475e-05
-7.38222e-05
6.74558e-05
1.92711e-05
9.81256e-05
-9.88984e-05
1.48022e-05
-9.85565e-05
-1.69298e-05
3.47634e-05
9.3763e-05
1.6897e-05
9.85621e-05
-7.70715e-05
6.3718e-05
1.5432e-05
-9.88021e-05
4.46789e-06
9.99001e-05
9.05077e-05
4.25247e-05
-3.92612e-05
-9.19704e-05
-5.58185e-05
8.29717e-05
-8.33268e-05
5.52869e-05
1.04744e-05
-9.94499e-05
2.43433e-05
9.69918e-05
-9.96059e-05
8.86914e-06
-9.12366e-05
4.09376e-05
1.62014e-05
-9.86789e-05
-9.73055e-05
-2.30574e-05
-8.62374e-05
-5.06272e-05
7.17619e-05
-6.96436e-05
-8.80407e-05
-4.7422e-05
-5.12205e-05
-8.58863e-05
-7.85302e-05
6.19113e-05
8.2693e-05
5.62306e-05
-7.80036e-05
-6.25735e-05
7.09787e-05
-7.04417e-05
6.57506e-05
-7.53449e-05
-9.33886e-05
-3.57572e-05
6.23334e-05
7.81955e-05
7.33521e-05
-6.79667e-05
-4.51324e-05
-8.9236e-05
1.52624e-05
-9.88284e-05
1.05868e-05
9.9438e-05
-1.48419e-06
-9.9989e-05
3.62372e-05
9.32034e-05
-2.76585e-05
9.6099e-05
8.01128e-05
-5.98494e-05
-8.67614e-05
4.97239e-05
-7.28428e-05
6.85122e-05
-1.72693e-05
-9.84976e-05
-6.37527e-05
-7.70428e-05
1.30711e-05
9.9142e-05
-8.97551e-05
4.40911e-05
-9.10545e-05
-4.13409e-05
-6.05332e-05
-7.95973e-05
-8.06191e-05
-5.91655e-05
-4.71586e-05
-8.8182e-05
-2.13726e-05
9.76894e-05
-1.6279e-05
-9.86661e-05
8.04847e-05
5.93483e-05
-9.98618e-05
-5.25622e-06
8.57346e-05
5.1474e-05
-9.81323e-05
-1.92366e-05
-1.61075e-05
-9.86942e-05
-6.55798e-06
9.97847e-05
-9.77492e-05
2.10972e-05
-9.86147e-05
-1.65876e-05
7.72414e-05
6.3512e-05
-4.61542e-05
-8.87118e-05
6.41213e-05
-7.67363e-05
-9.35906e-05
-3.52249e-05
-9.6923e-05
-2.46157e-05
5.53327e-05
8.32964e-05
4.23944e-05
-9.05689e-05
9.36663e-05
-3.50233e-05
9.74063e-05
2.26275e-05
-8.94626e-05
-4.46817e-05
-4.14823e-05
-9.09902e-05
-3.81775e-05
9.24255e-05
6.68875e-05
7.43375e-05
-6.55293e-05
7.55375e-05
-2.5739e-05
9.66308e-05
8.62686e-05
5.0574e-05
