3.50986e-06
-9.99384e-05
-3.90651e-05
9.20539e-05
-9.82406e-05
1.86759e-05
-8.52583e-05
-5.22592e-05
-9.99749e-05
-2.2423e-06
-2.05425e-06
9.99789e-05
7.93325e-05
-6.08799e-05
3.57751e-05
-9.33817e-05
-9.77651e-05
2.10236e-05
5.40086e-05
8.4161e-05
-4.77942e-05
-8.78391e-05
-9.30018e-05
3.67514e-05
1.16427e-05
9.93199e-05
-5.42459e-05
-8.40082e-05
-7.26345e-06
9.97359e-05
9.32388e-05
3.61458e-05
5.77573e-05
-8.16339e-05
6.42249e-05
7.66496e-05
6.06855e-05
-7.94813e-05
-4.54982e-05
8.90501e-05
6.26275e-05
7.79602e-05
4.54942e-05
8.90521e-05
-5.82144e-05
8.13086e-05
-8.85316e-05
-4.6499e-05
7.23532e-05
6.90291e-05
-3.91453e-05
-9.20198e-05
-9.65446e-05
2.60605e-05
-8.89269e-06
9.96038e-05
-3.06987e-05
-9.51714e-05
-9.64124e-05
2.6545e-05
8.42681e-05
-5.38414e-05
0.0001
2.94541e-08
-8.56659e-05
5.15884e-05
9.99977e-05
-6.7574e-07
5.47409e-05
8.36865e-05
2.70877e-05
-9.62614e-05
5.14998e-05
-8.57191e-05
-9.89901e-05
1.41763e-05
-2.96641e-05
9.54989e-05
9.71237e-05
2.38115e-05
8.11858e-05
-5.83855e-05
3.15129e-05
-9.49049e-05
7.61806e-05
6.47806e-05
-3.57906e-05
-9.33757e-05
-7.87773e-05
6.15966e-05
7.04994e-05
7.09214e-05
-6.45142e-05
7.64063e-05
-3.3451e-05
9.42392e-05
-6.09917e-05
-7.92466e-05
3.72587e-06
9.99306e-05
9.24393e-05
-3.81442e-05
-8.04471e-05
5.93992e-05
8.45487e-05
5.33995e-05
9.52761e-05
-3.03722e-05
1.83192e-05
9.83077e-05
-2.73921e-05
-9.61752e-05
8.52168e-05
-5.23268e-05
7.3278e-05
-6.80466e-05
6.61715e-05
7.49756e-05
-7.53315e-05
6.57659e-05
6.70492e-06
-9.9775e-05
-4.57969e-05
-8.88968e-05
7.96871e-05
-6.0415e-05
-6.5347e-05
7.56953e-05
-9.44808e-05
-3.27624e-05
-6.18659e-05
-7.85659e-05
-4.83609e-05
8.75284e-05
1.64767e-05
9.86333e-05
5.50219e-05
8.3502e-05
4.19166e-05
9.07909e-05
4.63166e-06
9.98927e-05
8.95984e-05
4.44085e-05
1.71373e-05
-9.85206e-05
-7.55482e-05
6.55169e-05
4.14359e-05
9.10113e-05
-4.07573e-06
9.99169e-05
3.35555e-05
9.42021e-05
-9.64891e-05
2.6265e-05
-6.89524e-05
-7.24263e-05
-4.5291e-05
8.91556e-05
-3.79491e-05
9.25195e-05
8.26308e-05
-5.63218e-05
9.94532e-05
1.04428e-05
4.39521e-05
-8.98232e-05
-9.68688e-05
2.48279e-05
4.58822e-05
8.88528e-05
9.80288e-05
1.97575e-05
6.986e-05
-7.15513e-05
5.31109e-05
-8.47304e-05
7.70336e-05
-6.37639e-05
8.26842e-05
-5.62434e-05
3.20821e-05
9.4714e-05
8.93107e-05
4.49845e-05
-8.40568e-05
-5.41706e-05
2.39151e-05
9.70982e-05
-5.85288e-05
-8.10825e-05
-1.27193e-05
-9.91878e-05
2.37806e-05
9.71313e-05
-7.9137e-05
6.11337e-05
8.49829e-05
-5.27059e-05
-3.09624e-06
-9.99521e-05
-5.00599e-05
-8.65679e-05
4.82743e-05
8.75762e-05
-8.79252e-05
-4.76357e-05
3.63978e-05
9.31408e-05
9.92964e-05
-1.1842e-05
-1.38968e-05
9.90297e-05
-9.98472e-05
-5.52569e-06
9.63085e-05
2.69196e-05
-1.3595e-05
-9.90716e-05
-7.42535e-05
-6.69807e-05
-5.7176e-05
8.20421e-05
1.92738e-05
9.8125e-05
-9.82945e-05
-1.83898e-05
-5.95156e-05
8.0361e-05
9.43897e-05
3.3024e-05
-7.23398e-05
-6.90431e-05
-6.28842e-05
-7.77533e-05
-7.69176e-05
-6.39037e-05
-2.10782e-05
9.77533e-05
-4.6012e-05
-8.87857e-05
-5.89615e-05
8.07685e-05
9.83971e-05
-1.78327e-05
-9.93812e-05
-1.11075e-05
7.24694e-05
-6.89071e-05
9.98375e-05
5.69792e-06
-7.64832e-05
-6.4423e-05
4.02761e-05
9.15305e-05
7.96314e-05
6.04884e-05
6.46511e-05
7.62905e-05
-9.19612e-05
-3.92829e-05
6.16642e-05
7.87244e-05
9.83026e-05
-1.83466e-05
4.99484e-05
-8.66323e-05
-7.19893e-05
-6.94085e-05
-9.78633e-05
-2.05616e-05
9.73824e-05
-2.27302e-05
2.74679e-05
9.61536e-05
1.76719e-05
9.84261e-05
-1.17127e-05
9.93117e-05
-6.38219e-05
7.69855e-05
-6.00181e-05
-7.99865e-05
-8.08735e-05
5.88174e-05
-6.49198e-05
-7.60619e-05
9.4287e-05
3.33161e-05
-9.99932e-05
1.16618e-06
-4.56199e-05
-8.89878e-05
1.71295e-05
9.8522e-05
5.50203e-05
8.35031e-05
-3.57861e-05
9.33775e-05
9.60767e-05
2.77358e-05
-3.20371e-05
-9.47292e-05
2.38118e-05
-9.71236e-05
-9.27931e-05
3.72751e-05
1.1429e-05
-9.93447e-05
9.46026e-05
3.24091e-05
-2.38815e-05
9.71065e-05
-7.33574e-05
-6.7961e-05
-9.93504e-05
-1.13797e-05
3.90817e-05
-9.20469e-05
-3.5369e-05
-9.35363e-05
8.14698e-05
-5.79886e-05
-2.31548e-05
9.72824e-05
8.88437e-05
-4.58999e-05
-2.87257e-05
9.57854e-05
9.95414e-05
9.56616e-06
2.95765e-05
-9.55261e-05
9.48085e-05
-3.18016e-05
2.78449e-05
9.60451e-05
5.31446e-05
-8.47092e-05
8.83977e-05
4.6753e-05
4.31532e-05
-9.02098e-05
9.72445e-05
2.33133e-05
-6.15326e-05
7.88273e-05
-9.32877e-05
3.60194e-05
2.72218e-05
9.62236e-05
-8.48875e-05
-5.28593e-05
-1.91894e-05
-9.81416e-05
-8.94402e-05
4.47263e-05
7.5017e-05
-6.61245e-05
1.29608e-05
-9.91565e-05
9.66932e-05
-2.55033e-05
7.8793e-05
6.15764e-05
7.73574e-05
6.33705e-05
-7.5128e-05
6.59984e-05
-8.11629e-05
-5.84174e-05
6.45899e-05
-7.63423e-05
-1.04523e-05
9.94522e-05
4.87456e-05
-8.73147e-05
-9.99696e-05
2.46626e-06
-6.24298e-05
-7.81186e-05
-9.27951e-05
-3.72703e-05
-3.51525e-05
9.36179e-05
-7.37036e-05
6.75853e-05
-9.38944e-05
3.44069e-05
-6.71238e-05
7.41242e-05
-8.53633e-05
-5.20874e-05
9.13143e-05
-4.07639e-05
9.85405e-05
-1.70227e-05
9.99658e-05
2.61452e-06
-1.49674e-05
9.88735e-05
3.06911e-05
9.51738e-05
8.86725e-05
-4.62297e-05
-8.47282e-05
-5.31143e-05
-5.8887e-05
-8.08228e-05
7.58508e-05
6.51664e-05
7.5567e-05
-6.54952e-05
-3.44569e-05
9.38761e-05
-8.38957e-05
5.44198e-05
-9.89932e-05
1.41542e-05
6.23994e-06
9.98051e-05
9.95177e-05
-9.80909e-06
4.80698e-05
-8.76886e-05
7.59802e-05
6.50155e-05
9.99919e-05
-1.27552e-06
-5.67121e-05
-8.23635e-05
-4.54833e-05
-8.90577e-05
-8.30398e-07
-9.99966e-05
6.42999e-05
7.65867e-05
-6.68248e-05
-7.43938e-05
0
0
0
0
0
0
0
0
0
0
0
0
0
0
0
0
0
0
0
0
0
0
-9.28755e-05
3.70694e-05
-8.3567e-05
-5.49232e-05
3.5637e-06
9.99365e-05
-9.99764e-05
-2.17443e-06
4.64791e-05
8.8542e-05
-6.37144e-05
7.70745e-05
-9.91938e-05
1.26722e-05
3.24534e-05
-9.45874e-05
9.96583e-05
8.26017e-06
-3.82629e-05
9.23902e-05
-9.08133e-05
-4.18682e-05
6.43502e-06
-9.97927e-05
8.21268e-05
-5.70543e-05
-5.42013e-05
-8.4037e-05
-6.47795e-05
7.61815e-05
3.62113e-05
9.32134e-05
-9.37294e-05
3.4854e-05
-7.59681e-05
6.50295e-05
1.92595e-05
9.81278e-05
-7.23783e-05
6.90028e-05
-3.91623e-05
9.20126e-05
-9.96696e-05
-8.12237e-06
-9.85914e-05
-1.67254e-05
4.23662e-05
9.0582e-05
-9.74049e-05
2.26339e-05
-9.15263e-05
4.02857e-05
-9.26412e-05
3.76511e-05
9.41944e-05
-3.35771e-05
8.63339e-05
5.04625e-05
9.99335e-05
-3.64597e-06
5.96745e-05
8.02431e-05
8.43891e-05
5.36515e-05
-9.41379e-05
3.3735e-05
-9.96457e-05
-8.41009e-06
-5.53931e-05
-8.32563e-05
-4.89877e-05
8.71792e-05
8.87349e-05
-4.61098e-05
9.53927e-05
3.00038e-05
3.03353e-05
9.52878e-05
6.84657e-05
7.28865e-05
-2.63459e-05
9.6467e-05
-5.90351e-05
8.07147e-05
-8.19544e-05
-5.73017e-05
-6.40821e-06
-9.97945e-05
9.95414e-05
-9.56616e-06
2.95765e-05
9.55261e-05
9.48085e-05
3.18016e-05
2.78449e-05
-9.60451e-05
5.31446e-05
8.47092e-05
8.83977e-05
-4.6753e-05
4.31532e-05
9.02098e-05
9.72445e-05
-2.33133e-05
-6.15326e-05
-7.88273e-05
-9.32877e-05
-3.60194e-05
2.72218e-05
-9.62236e-05
3.95803e-05
-9.18335e-05
-5.1633e-05
8.5639e-05
-6.43917e-05
-7.65096e-05
8.24138e-05
-5.66389e-05
2.80386e-05
-9.59887e-05
9.99491e-05
3.18893e-06
-2.34889e-05
9.72022e-05
-9.61495e-05
2.74823e-05
-9.81631e-05
-1.90788e-05
-1.74e-06
-9.99849e-05
9.99173e-05
-4.06554e-06
-9.80346e-05
-1.97286e-05
-9.99852e-05
1.72244e-06
5.81515e-05
8.13535e-05
-4.38176e-05
-8.98889e-05
-5.6789e-05
-8.23104e-05
-4.97597e-05
8.67408e-05
5.84077e-05
-8.11699e-05
-8.94998e-05
4.4607e-05
9.93613e-05
1.12842e-05
-9.80086e-05
1.98573e-05
-7.45961e-06
9.97214e-05
7.76603e-05
-6.2999e-05
8.54365e-05
-5.19674e-05
-2.55094e-05
9.66916e-05
-9.7878e-05
-2.04916e-05
9.4892e-05
-3.15518e-05
-9.81151e-05
1.93241e-05
-3.99011e-05
-9.16946e-05
-9.77048e-05
2.13022e-05
6.84788e-05
-7.28742e-05
-4.41038e-05
8.97489e-05
3.45519e-05
-9.38412e-05
-6.57951e-05
-7.53061e-05
6.11277e-06
-9.9813e-05
9.66418e-05
-2.56976e-05
1.53387e-05
9.88166e-05
-6.48701e-05
-7.61044e-05
-4.68574e-05
8.83424e-05
6.52043e-05
7.58182e-05
-8.86045e-05
-4.63599e-05
-9.45601e-05
-3.25329e-05
-9.85693e-05
1.68552e-05
-6.03729e-05
-7.9719e-05
-7.42535e-05
6.69807e-05
-5.7176e-05
-8.20421e-05
1.92738e-05
-9.8125e-05
-9.82945e-05
1.83898e-05
-5.95156e-05
-8.0361e-05
9.43897e-05
-3.3024e-05
-7.23398e-05
6.90431e-05
-6.28842e-05
7.77533e-05
-7.69176e-05
6.39037e-05
-2.10782e-05
-9.77533e-05
-4.6012e-05
8.87857e-05
-9.93955e-05
1.09793e-05
9.99794e-05
2.03025e-06
7.99912e-05
-6.00117e-05
-2.72549e-05
-9.62142e-05
5.60334e-05
8.28267e-05
-2.59249e-05
-9.6581e-05
1.75533e-05
9.84474e-05
9.82337e-05
-1.87122e-05
1.58648e-05
9.87335e-05
4.68566e-05
-8.83428e-05
-9.11278e-05
4.11791e-05
9.09676e-05
-4.15319e-05
7.66286e-05
-6.42499e-05
-6.01889e-05
-7.98579e-05
9.21309e-05
3.88832e-05
-7.84179e-05
-6.20535e-05
-5.09451e-06
9.98701e-05
-6.6035e-05
-7.50958e-05
8.29475e-05
5.58544e-05
-3.46459e-05
-9.38065e-05
-4.68629e-05
8.83395e-05
-2.62099e-05
9.65041e-05
3.54794e-05
-9.34944e-05
-9.46116e-05
-3.23828e-05
-1.40588e-05
-9.90068e-05
9.95807e-05
9.14767e-06
-5.01283e-05
8.65283e-05
4.88143e-05
8.72763e-05
9.23461e-05
3.83693e-05
-2.37073e-05
-9.71492e-05
5.61034e-05
8.27793e-05
6.28687e-05
7.77659e-05
9.40004e-05
3.41164e-05
-7.82513e-05
-6.22635e-05
-9.91948e-05
-1.26643e-05
-3.14537e-05
-9.49245e-05
-6.23736e-05
7.81635e-05
-8.54532e-05
5.194e-05
-5.43668e-05
8.39301e-05
7.319e-05
-6.81412e-05
-3.49872e-07
-9.99994e-05
-7.11272e-05
-7.02916e-05
6.99041e-05
7.15081e-05
9.99904e-05
1.38805e-06
-2.73921e-05
9.61752e-05
8.52168e-05
5.23268e-05
7.3278e-05
6.80466e-05
6.61715e-05
-7.49756e-05
-7.53315e-05
-6.57659e-05
6.70492e-06
9.9775e-05
-4.57969e-05
8.88968e-05
7.96871e-05
6.0415e-05
-6.5347e-05
-7.56953e-05
-9.44808e-05
3.27624e-05
-6.18659e-05
7.85659e-05
8.76695e-05
-4.81047e-05
4.9951e-05
-8.66308e-05
9.99423e-05
3.39764e-06
-6.93146e-06
-9.97595e-05
-6.66143e-05
7.45824e-05
-9.79186e-05
2.02966e-05
9.21088e-05
-3.89354e-05
9.91709e-05
1.28501e-05
5.57465e-05
-8.302e-05
-3.53547e-05
-9.35417e-05
-9.92847e-05
-1.19395e-05
-2.13808e-05
9.76876e-05
1.22889e-06
9.99924e-05
-4.89366e-05
8.72079e-05
-7.33433e-05
-6.79761e-05
-7.00662e-05
7.13494e-05
5.62722e-05
-8.26646e-05
-9.99886e-05
-1.5087e-06
9.96481e-05
-8.38218e-06
5.39156e-06
9.98545e-05
3.39048e-05
9.40769e-05
6.40261e-05
-7.68158e-05
9.49741e-05
-3.13035e-05
-3.83337e-05
-9.23609e-05
-9.98867e-05
4.75978e-06
-3.41149e-05
9.40009e-05
-9.90069e-05
1.40583e-05
4.00311e-05
-9.16379e-05
4.42009e-05
8.97011e-05
5.25099e-05
-8.51041e-05
7.58725e-05
6.51411e-05
9.11961e-05
-4.10276e-05
2.6273e-05
-9.64869e-05
6.5073e-05
7.5931e-05
2.81072e-05
9.59687e-05
-7.45237e-05
6.66799e-05
3.96621e-05
-9.17982e-05
9.93991e-05
1.09463e-05
3.28848e-05
-9.44383e-05
-4.90946e-05
-8.7119e-05
3.53558e-05
9.35412e-05
9.98551e-05
5.38122e-06
8.9246e-05
-4.51127e-05
-7.82771e-05
6.2231e-05
3.50986e-06
9.99384e-05
-3.90651e-05
-9.20539e-05
-9.82406e-05
-1.86759e-05
-8.52583e-05
5.22592e-05
-9.99749e-05
2.2423e-06
-2.05425e-06
-9.99789e-05
7.93325e-05
6.08799e-05
3.57751e-05
9.33817e-05
-9.77651e-05
-2.10236e-05
5.40086e-05
-8.4161e-05
-4.77942e-05
8.78391e-05
-6.32178e-05
-7.74823e-05
-9.94267e-05
1.06922e-05
-2.71005e-05
9.62578e-05
8.95458e-05
-4.45147e-05
-9.88468e-05
1.51433e-05
-9.94727e-05
1.0256e-05
-9.27428e-05
-3.74002e-05
8.07244e-05
-5.90218e-05
-6.61341e-06
-9.97811e-05
9.27359e-05
-3.74173e-05
9.99063e-05
-4.32752e-06
-6.08173e-05
7.93804e-05
-3.0531e-05
-9.52253e-05
9.16489e-05
-4.0006e-05
9.99975e-05
7.07154e-07
-8.35145e-05
-5.5003e-05
-4.34161e-05
9.00835e-05
9.82899e-05
1.84148e-05
4.25004e-05
9.05191e-05
-9.75078e-05
2.21864e-05
-8.60749e-05
-5.0903e-05
-6.60151e-05
-7.51133e-05
3.55156e-05
9.34807e-05
4.58125e-06
-9.9895e-05
4.35943e-05
8.99974e-05
-5.89517e-05
-8.07756e-05
7.4727e-05
-6.64521e-05
-8.69408e-05
-4.94094e-05
-7.62427e-05
6.47074e-05
-4.4755e-05
8.94259e-05
-9.58907e-05
-2.83721e-05
-2.57105e-05
-9.66383e-05
-4.78125e-05
8.78292e-05
-8.12491e-05
5.82974e-05
-8.95753e-05
-4.44552e-05
8.64786e-05
-5.02141e-05
-4.69113e-06
9.98899e-05
3.85277e-05
-9.22801e-05
8.24199e-05
-5.663e-05
9.37038e-05
-3.49227e-05
-2.6794e-05
9.63436e-05
8.922e-05
-4.5164e-05
1.28028e-06
9.99918e-05
6.68129e-05
7.44046e-05
