5.75572e-05
-8.17751e-05
8.31504e-05
-5.55519e-05
-8.26921e-05
5.62319e-05
-7.62521e-05
6.46964e-05
-9.21664e-05
-3.87989e-05
-1.70156e-05
-9.85417e-05
3.43398e-05
9.3919e-05
8.80524e-05
4.74001e-05
-8.6301e-05
5.05186e-05
9.11501e-05
-4.11298e-05
9.99989e-05
4.76778e-07
7.29292e-05
-6.84202e-05
8.93387e-05
4.49287e-05
7.39346e-06
-9.97263e-05
-5.60169e-05
-8.28378e-05
-9.27746e-05
-3.73212e-05
-1.32137e-07
9.99999e-05
6.18148e-05
7.86062e-05
-4.08085e-05
-9.12944e-05
-5.03709e-05
8.63873e-05
1.19562e-05
-9.92827e-05
8.94668e-05
-4.46732e-05
9.1981e-05
3.92364e-05
7.18624e-05
-6.95399e-05
6.45913e-05
7.63411e-05
3.6687e-05
-9.30272e-05
1.88763e-05
-9.82023e-05
-6.67955e-05
-7.44201e-05
-9.69493e-05
-2.45118e-05
-6.35642e-05
-7.71984e-05
-7.57006e-05
6.53408e-05
5.62464e-05
8.26821e-05
-9.22282e-05
-3.86518e-05
1.98128e-05
9.80176e-05
0.0001
-4.03941e-09
-9.54786e-05
-2.97294e-05
-3.57331e-05
9.33978e-05
9.99539e-05
-3.03755e-06
3.64445e-05
-9.31225e-05
-9.956e-05
-9.37077e-06
-2.41085e-05
9.70504e-05
-2.55117e-05
9.6691e-05
-1.42296e-05
-9.89824e-05
1.17876e-05
-9.93028e-05
2.06473e-05
-9.78452e-05
2.69749e-05
-9.62931e-05
-8.86134e-05
-4.63429e-05
7.65375e-05
-6.43584e-05
-9.70799e-05
-2.39895e-05
8.52281e-05
-5.23085e-05
6.8195e-06
-9.97672e-05
-6.69736e-05
7.42599e-05
4.31035e-05
-9.02335e-05
-4.47006e-05
8.94531e-05
9.99185e-05
4.03623e-06
1.11223e-05
-9.93795e-05
-6.59064e-06
-9.97826e-05
-8.45549e-05
5.33898e-05
6.98261e-05
7.15843e-05
9.03331e-05
-4.28943e-05
3.66621e-05
9.3037e-05
6.81977e-05
7.31374e-05
8.12315e-05
5.8322e-05
-6.16925e-06
9.98095e-05
-7.06994e-05
-7.0722e-05
-9.92266e-05
-1.24128e-05
1.31763e-05
9.91281e-05
-5.82016e-05
-8.13177e-05
7.41896e-05
-6.70515e-05
-5.42993e-05
8.39737e-05
9.92949e-05
1.1854e-05
-9.9592e-05
-9.0243e-06
5.58342e-05
-8.29611e-05
6.35786e-05
7.71865e-05
4.06555e-06
9.99173e-05
1.19854e-05
-9.92791e-05
-5.35963e-05
8.44242e-05
9.2244e-05
3.8614e-05
9.75336e-05
2.20723e-05
9.09833e-05
-4.14974e-05
-6.08484e-05
-7.93566e-05
-4.76422e-06
9.98864e-05
9.08847e-05
-4.1713e-05
-8.83241e-05
-4.68919e-05
-9.66778e-05
-2.55619e-05
3.81562e-05
9.24343e-05
-1.07131e-05
9.94245e-05
-3.0823e-06
9.99525e-05
-7.59835e-05
-6.50116e-05
7.05022e-05
7.09185e-05
8.43124e-05
-5.3772e-05
-7.60643e-05
-6.49171e-05
-6.33707e-05
-7.73573e-05
9.44157e-05
3.29496e-05
-9.56069e-05
2.9314e-05
-3.82526e-05
-9.23945e-05
-7.32024e-05
6.81279e-05
-4.36206e-05
-8.99847e-05
9.97817e-05
-6.60334e-06
3.23612e-05
9.4619e-05
8.92344e-05
4.51356e-05
-2.41244e-05
9.70464e-05
-7.71597e-05
-6.36112e-05
9.78628e-05
2.05638e-05
9.76304e-05
2.16404e-05
5.63501e-05
-8.26115e-05
-8.10328e-05
-5.85976e-05
9.99559e-05
2.96932e-06
2.31593e-05
-9.72813e-05
9.57599e-05
2.88105e-05
-1.43959e-07
9.99999e-05
-4.56345e-06
-9.98958e-05
-3.55963e-05
9.345e-05
4.98432e-05
-8.66929e-05
8.61447e-05
5.07848e-05
8.03515e-05
-5.95285e-05
-6.00308e-05
7.99769e-05
9.07099e-05
4.20917e-05
-9.95242e-05
9.74346e-06
-9.56051e-05
2.93199e-05
9.55345e-05
-2.95492e-05
-3.87497e-05
-9.21871e-05
-1.87641e-05
9.82238e-05
2.6179e-05
9.65125e-05
-5.7086e-05
-8.21047e-05
8.87246e-05
-4.61296e-05
-9.81051e-05
-1.93751e-05
-4.9978e-05
-8.66152e-05
-8.07517e-05
-5.89844e-05
-8.6914e-05
4.94566e-05
3.13642e-05
-9.49541e-05
2.29642e-05
9.73275e-05
8.17094e-05
-5.76505e-05
8.92078e-05
-4.51881e-05
5.18893e-05
-8.54839e-05
5.56404e-05
-8.30912e-05
-4.91884e-05
8.70661e-05
-9.89909e-05
-1.41702e-05
2.44085e-05
-9.69754e-05
3.58581e-05
9.33499e-05
8.68304e-05
-4.96033e-05
-9.91199e-05
1.32379e-05
-5.86654e-05
-8.09838e-05
-9.88379e-05
-1.52009e-05
6.87016e-05
-7.26642e-05
-8.8756e-05
-4.60693e-05
2.01324e-05
-9.79525e-05
1.88691e-05
9.82037e-05
3.67571e-06
9.99324e-05
-9.14629e-05
4.04295e-05
9.68138e-05
-2.50415e-05
7.68551e-05
-6.39789e-05
-1.77868e-05
-9.84054e-05
-2.01074e-05
-9.79576e-05
-1.73629e-05
9.84811e-05
-9.90836e-05
-1.35073e-05
-4.79782e-05
8.77388e-05
-8.22833e-05
-5.68284e-05
4.96054e-05
-8.68292e-05
2.12524e-06
-9.99774e-05
-9.62904e-05
2.69843e-05
-9.10624e-05
4.13237e-05
-6.95832e-05
-7.18204e-05
-8.97461e-05
4.41094e-05
4.8628e-05
8.73803e-05
9.17765e-05
3.97125e-05
8.7906e-05
4.76711e-05
9.44192e-05
-3.29394e-05
-8.02415e-06
-9.96775e-05
7.29015e-05
-6.84498e-05
8.2209e-05
-5.69358e-05
-6.36387e-05
-7.7137e-05
-9.87849e-05
-1.55417e-05
9.9555e-05
9.42357e-06
3.0979e-05
9.50805e-05
9.42542e-05
-3.34087e-05
-5.50051e-05
-8.35131e-05
7.57212e-05
6.5317e-05
4.81418e-05
-8.76491e-05
3.89842e-05
9.20882e-05
7.59168e-05
-6.50894e-05
-8.31751e-06
-9.96535e-05
7.64199e-05
-6.4498e-05
6.80366e-05
-7.32872e-05
1.73957e-05
-9.84753e-05
-9.47746e-05
3.19025e-05
-7.58174e-05
-6.52052e-05
-9.68957e-05
-2.47231e-05
9.91663e-05
-1.2886e-05
-5.08888e-05
8.60833e-05
-9.93241e-05
-1.1607e-05
-9.4205e-05
-3.35474e-05
-4.26326e-05
-9.04569e-05
8.18184e-05
5.74957e-05
8.55992e-06
9.9633e-05
-7.48067e-05
-6.63623e-05
-1.07451e-05
9.9421e-05
8.46242e-05
5.32798e-05
-2.63975e-05
9.6453e-05
8.85433e-05
-4.64767e-05
6.59325e-05
-7.51858e-05
-8.13381e-05
5.81732e-05
-7.57121e-06
-9.9713e-05
9.34212e-05
3.56719e-05
7.01657e-05
7.12515e-05
6.43528e-05
-7.65423e-05
4.44446e-05
8.95806e-05
-6.09704e-05
-7.92629e-05
9.9605e-05
8.8791e-06
-6.89701e-05
-7.24094e-05
2.9583e-05
-9.55241e-05
9.99747e-05
2.2483e-06
9.04586e-05
4.26292e-05
-9.97951e-05
6.39819e-06
9.74995e-05
2.22228e-05
-4.48289e-05
8.93889e-05
-9.69593e-05
2.44722e-05
9.73823e-05
2.27306e-05
-2.77181e-05
-9.60818e-05
-1.95904e-05
9.80623e-05
-9.9959e-05
0
-4.72778e-05
0
3.62833e-05
0
5.85483e-06
0
9.44908e-05
0
-8.496e-06
0
7.29006e-05
0
-4.67596e-05
0
9.84364e-05
0
-9.96985e-05
0
-9.9583e-05
0
8.88049e-05
-4.59748e-05
9.39421e-05
-3.42766e-05
-4.59655e-05
8.88098e-05
4.76002e-05
-8.79444e-05
-9.47061e-05
3.21054e-05
9.62173e-05
2.7244e-05
-1.27331e-05
9.9186e-05
-3.86668e-05
9.22219e-05
6.13174e-05
7.89948e-05
9.752e-05
2.21326e-05
-9.58123e-05
-2.86355e-05
-9.969e-05
-7.86806e-06
9.94693e-05
-1.02889e-05
-7.74968e-05
-6.32e-05
-1.94368e-05
-9.80929e-05
-9.90428e-05
1.38034e-05
-1.19237e-05
9.92866e-05
-1.71075e-06
-9.99854e-05
-5.84344e-05
8.11506e-05
-9.99934e-05
-1.15315e-06
-8.96302e-05
-4.43445e-05
-9.99908e-05
1.35286e-06
1.24796e-05
-9.92182e-05
5.19111e-05
8.54707e-05
5.82395e-05
-8.12906e-05
1.19122e-05
9.9288e-05
5.90762e-05
-8.06846e-05
9.38686e-05
3.44774e-05
1.88927e-05
-9.81991e-05
-9.74365e-05
-2.24972e-05
8.92084e-05
-4.51869e-05
2.15009e-05
-9.76612e-05
-5.99554e-05
-8.00334e-05
9.55292e-05
-2.95663e-05
9.79102e-05
-2.03371e-05
3.7861e-05
9.25556e-05
4.83682e-05
8.75244e-05
3.93405e-05
-9.19365e-05
-5.26289e-05
-8.50306e-05
8.7245e-05
4.88704e-05
1.60061e-05
9.87107e-05
6.93782e-05
-7.20185e-05
9.98775e-05
4.94918e-06
-9.71549e-05
-2.36837e-05
9.17765e-05
-3.97125e-05
8.7906e-05
-4.76711e-05
9.44192e-05
3.29394e-05
-8.02415e-06
9.96775e-05
7.29015e-05
6.84498e-05
8.2209e-05
5.69358e-05
-6.36387e-05
7.7137e-05
-9.87849e-05
1.55417e-05
9.9555e-05
-9.42357e-06
3.0979e-05
-9.50805e-05
9.42542e-05
3.34087e-05
-4.01649e-05
-9.15794e-05
5.75953e-05
-8.17483e-05
9.9547e-05
-9.50802e-06
3.61621e-05
9.32325e-05
-6.42208e-05
-7.6653e-05
-9.96795e-05
7.99989e-06
-5.48271e-05
-8.363e-05
-9.79424e-05
-2.01814e-05
-9.88891e-05
-1.48644e-05
-5.85559e-05
8.1063e-05
9.31699e-05
3.63232e-05
9.69698e-05
2.44308e-05
5.14612e-05
8.57423e-05
8.97903e-05
4.40193e-05
5.73072e-05
8.19505e-05
8.65573e-05
-5.00783e-05
2.21061e-05
9.7526e-05
4.89782e-05
-8.71845e-05
-5.54368e-05
8.32271e-05
-5.87452e-05
-8.09259e-05
-5.18466e-05
-8.55098e-05
9.36729e-05
-3.50055e-05
-2.07797e-05
9.78172e-05
4.24045e-05
-9.05641e-05
4.23383e-05
9.05951e-05
5.63518e-05
8.26104e-05
8.05629e-05
-5.92421e-05
-4.37739e-06
9.99041e-05
8.4509e-05
-5.34625e-05
4.7373e-05
-8.8067e-05
-1.61918e-05
9.86804e-05
-7.35824e-05
6.77172e-05
-7.60269e-05
6.49609e-05
-2.04037e-05
-9.78963e-05
8.32409e-05
5.54161e-05
8.73049e-05
-4.87632e-05
4.63868e-05
-8.85904e-05
-9.55093e-05
2.96307e-05
7.67877e-05
-6.40597e-05
-5.36476e-05
-8.43916e-05
-3.15993e-05
9.48761e-05
-4.52562e-05
-8.91733e-05
-9.8982e-05
-1.42325e-05
2.7126e-05
9.62506e-05
-1.43959e-07
-9.99999e-05
-4.56345e-06
9.98958e-05
-3.55963e-05
-9.345e-05
4.98432e-05
8.66929e-05
8.61447e-05
-5.07848e-05
8.03515e-05
5.95285e-05
-6.00308e-05
-7.99769e-05
9.07099e-05
-4.20917e-05
-9.95242e-05
-9.74346e-06
-9.56051e-05
-2.93199e-05
9.55345e-05
2.95492e-05
2.13082e-05
9.77034e-05
-5.61787e-05
8.27282e-05
6.56232e-05
7.54559e-05
6.79603e-05
-7.3358e-05
-2.6623e-05
9.63909e-05
4.2661e-05
-9.04436e-05
-9.99056e-05
-4.34324e-06
9.66606e-05
-2.56268e-05
-9.65802e-05
-2.59282e-05
4.12929e-05
-9.10763e-05
-4.31721e-05
9.02007e-05
9.06982e-05
-4.2117e-05
8.85247e-05
4.65121e-05
-6.5468e-05
7.55906e-05
-3.92982e-05
-9.19546e-05
6.63353e-05
-7.48307e-05
-4.05355e-05
-9.14159e-05
-9.94863e-05
-1.01228e-05
3.64352e-05
-9.31261e-05
-9.92021e-05
-1.2607e-05
9.96104e-05
-8.81872e-06
-4.83768e-07
-9.99988e-05
8.73343e-05
-4.87105e-05
-8.78026e-05
-4.78612e-05
6.41972e-05
7.66728e-05
-7.29891e-05
6.83563e-05
-9.7347e-05
-2.28815e-05
-8.62066e-05
-5.06796e-05
9.56378e-05
2.92134e-05
-8.28024e-05
5.60693e-05
4.74146e-05
-8.80446e-05
6.11158e-05
-7.91508e-05
9.76858e-05
2.13891e-05
9.9476e-05
1.02241e-05
8.81604e-05
4.7199e-05
7.24033e-05
6.89765e-05
7.21518e-05
-6.92395e-05
1.8644e-06
9.99826e-05
9.5073e-05
3.1002e-05
-8.68788e-05
-4.95184e-05
-9.92237e-05
1.24364e-05
-6.47984e-05
-7.61654e-05
4.96871e-05
8.67824e-05
9.3637e-06
-9.95606e-05
1.11223e-05
9.93795e-05
-6.59064e-06
9.97826e-05
-8.45549e-05
-5.33898e-05
6.98261e-05
-7.15843e-05
9.03331e-05
4.28943e-05
3.66621e-05
-9.3037e-05
6.81977e-05
-7.31374e-05
8.12315e-05
-5.8322e-05
-6.16925e-06
-9.98095e-05
-7.06994e-05
7.0722e-05
-9.92266e-05
1.24128e-05
5.99616e-05
8.00288e-05
1.01039e-05
9.94882e-05
2.07596e-05
-9.78215e-05
9.11363e-05
-4.11603e-05
8.06911e-05
-5.90672e-05
8.81527e-05
4.72133e-05
6.27111e-05
7.7893e-05
9.44912e-05
3.27323e-05
9.13863e-06
9.95816e-05
6.11053e-05
7.9159e-05
-7.5732e-05
-6.53044e-05
-7.19787e-06
-9.97406e-05
-6.86927e-05
-7.26727e-05
8.40439e-05
5.41906e-05
-3.07217e-05
-9.5164e-05
3.1497e-05
9.49102e-05
5.99974e-05
-8.0002e-05
-8.79877e-05
-4.75202e-05
-9.91091e-05
-1.33189e-05
-4.52197e-05
-8.91918e-05
6.94817e-05
7.19187e-05
3.36613e-05
-9.41643e-05
-9.86691e-05
-1.62608e-05
8.10344e-05
5.85954e-05
5.25889e-05
-8.50553e-05
-7.9037e-06
-9.96872e-05
9.50707e-05
-3.1009e-05
8.94032e-05
-4.48004e-05
8.99036e-05
-4.37874e-05
5.63587e-05
8.26057e-05
-9.56127e-05
2.92952e-05
9.93218e-05
-1.16269e-05
9.73795e-05
2.27429e-05
3.33867e-05
-9.4262e-05
-9.70764e-05
2.40035e-05
1.51924e-05
-9.88392e-05
-5.40349e-05
-8.41441e-05
-2.02192e-05
-9.79346e-05
-3.16697e-05
-9.48527e-05
-9.83576e-05
-1.80494e-05
6.31918e-05
-7.75035e-05
9.99691e-05
-2.48691e-06
-9.36753e-05
-3.49991e-05
-9.92975e-05
1.18323e-05
5.75572e-05
8.17751e-05
8.31504e-05
5.55519e-05
-8.26921e-05
-5.62319e-05
-7.62521e-05
-6.46964e-05
-9.21664e-05
3.87989e-05
-1.70156e-05
9.85417e-05
3.43398e-05
-9.3919e-05
8.80524e-05
-4.74001e-05
-8.6301e-05
-5.05186e-05
9.11501e-05
4.11298e-05
9.99989e-05
-4.76778e-07
-9.09985e-05
4.14642e-05
-9.93566e-05
1.13257e-05
7.5149e-05
6.59745e-05
-9.48216e-05
-3.17627e-05
-1.43931e-05
9.89588e-05
8.86342e-05
-4.63032e-05
-6.15288e-05
-7.88302e-05
9.69024e-05
2.46967e-05
-9.8944e-05
1.44943e-05
-5.37527e-05
8.43247e-05
-9.86523e-05
1.63623e-05
-3.80585e-05
-9.24746e-05
-4.07887e-05
9.13032e-05
-8.6528e-05
-5.01289e-05
9.99357e-05
3.58639e-06
-4.45269e-05
-8.95397e-05
-4.92945e-05
-8.7006e-05
3.7348e-06
-9.99302e-05
-6.3377e-05
7.73522e-05
2.37911e-05
-9.71287e-05
9.28711e-05
3.70804e-05
-8.20124e-05
-5.72186e-05
-5.18599e-05
-8.55018e-05
-3.34568e-05
9.42372e-05
1.75236e-05
9.84526e-05
-9.46458e-05
-3.22826e-05
9.78938e-05
-2.0416e-05
-1.29087e-05
-9.91633e-05
-8.2285e-05
-5.68259e-05
-5.73443e-05
8.19245e-05
-9.70506e-05
2.41076e-05
8.33955e-05
-5.51833e-05
-9.0379e-05
4.27976e-05
6.85506e-05
7.28067e-05
3.50582e-06
-9.99385e-05
6.46659e-05
-7.62779e-05
1.76615e-05
-9.8428e-05
-8.68064e-05
-4.96453e-05
-3.85234e-05
9.22819e-05
1.1414e-05
-9.93465e-05
3.99583e-05
9.16697e-05
8.11649e-05
5.84145e-05
3.47213e-05
9.37786e-05
8.99406e-05
-4.37115e-05
